   Angle      0.00      5.56     11.11     16.67     22.22     27.78     33.33     38.89     44.44     50.00
    5.00      0.00      0.55      2.19      4.92      8.74     13.66     19.67     26.77     34.96     44.25
   13.89      0.00      1.47      5.86     13.20     23.46     36.66     52.78     71.85     93.84    118.76
   22.78      0.00      2.25      8.98     20.22     35.94     56.15     80.86    110.06    143.75    181.94
   31.67      0.00      2.81     11.25     25.30     44.98     70.29    101.21    137.76    179.94    227.73
   40.56      0.00      3.11     12.43     27.98     49.73     77.71    111.90    152.31    198.94    251.78
   49.44      0.00      3.11     12.43     27.98     49.73     77.71    111.90    152.31    198.94    251.78
   58.33      0.00      2.81     11.25     25.30     44.99     70.29    101.22    137.77    179.94    227.74
   67.22      0.00      2.25      8.99     20.22     35.94     56.16     80.87    110.07    143.76    181.95
   76.11      0.00      1.47      5.87     13.20     23.46     36.66     52.79     71.86     93.85    118.79
   85.00      0.00      0.55      2.19      4.92      8.75     13.67     19.68     26.78     34.98     44.27
